0
1
 15041
0
2
 23466
0
3
 21334
0
4
 21498
0
5
 24168
0
6
 20723
0
7
 16477
0
8
 24356
0
9
 21960
0
10
 19462
0
11
 20705
1
0
 23143
1
1
 18279
1
2
 21826
1
3
 24961
1
4
 15491
1
5
 17995
1
6
 16941
1
7
 19827
1
8
 20436
1
9
 17388
1
10
 19603
1
11
 18902
2
0
 15153
2
1
 15292
2
2
 17381
2
3
 22420
2
4
 23715
2
5
 24717
2
6
 24894
2
7
 20447
2
8
 16724
2
9
 19770
2
10
 16537
2
11
 16869
3
0
 24911
3
1
 20665
3
2
 21297
3
3
 22034
3
4
 24894
3
5
 23701
3
6
 18809
3
7
 16319
3
8
 15330
3
9
 22672
3
10
 19664
3
11
 20140
4
0
 22711
4
1
 23251
4
2
 21868
4
3
 20545
4
4
 22642
4
5
 17659
4
6
 17754
4
7
 15035
4
8
 17858
4
9
 23723
4
10
 24741
4
11
 22527
5
0
 15778
