0
0
 15041
0
1
 23466
0
2
 21334
0
3
 21498
0
4
 24168
0
5
 20723
0
6
 16477
0
7
 24356
0
8
 21960
0
9
 19462
0
10
 20705
0
11
 23143
1
0
 18279
1
1
 21826
1
2
 24961
1
3
 15491
1
4
 17995
1
5
 16941
1
6
 19827
1
7
 20436
1
8
 17388
1
9
 19603
1
10
 18902
1
11
 15153
2
0
 15292
2
1
 17381
2
2
 22420
2
3
 23715
2
4
 24717
2
5
 24894
2
6
 20447
2
7
 16724
2
8
 19770
2
9
 16537
2
10
 16869
2
11
 24911
3
0
 20665
3
1
 21297
3
2
 22034
3
3
 24894
3
4
 23701
3
5
 18809
3
6
 16319
3
7
 15330
3
8
 22672
3
9
 19664
3
10
 20140
3
11
 22711
4
0
 23251
4
1
 21868
4
2
 20545
4
3
 22642
4
4
 17659
4
5
 17754
4
6
 15035
4
7
 17858
4
8
 23723
4
10
 22527
4
11
 15778
5
0
18315